M map1 0 0 0
P 11.6135908004 11.6587374197 1 1 119 0
P 1.2902863101 9.04078582767 2 2 100 1
P 21.9368952907 14.2766890117 3 3 100 2
P 5.64835767563 18.2659924733 4 4 21 0
P 17.5788239251 5.05148236609 5 5 21 0
P 0.0 17.5664628114 6 6 32 0
P 23.2271816008 5.75101202793 7 7 32 0
P 15.9964071303 22.4925373322 8 8 60 0
P 7.23077447046 0.824937507164 9 9 60 0
P 12.096860926 23.3174748393 10 10 74 0
P 11.1303206747 0.0 11 11 74 0
P 5.90572926007 2.48227346488 12 12 85 0
P 17.3214523407 20.8352013745 13 13 85 0
P 18.2860133478 0.765777669475 14 14 72 0
P 4.94116825299 22.5516971699 15 15 72 0
P 20.1067105381 18.0593851211 16 16 9 0
P 3.12047106262 5.25808971821 17 17 9 0
P 4.594838746 13.7860000656 18 18 69 0
P 18.6323428548 9.5314747737 19 19 69 0
P 8.80119206169 20.0157034284 20 20 41 0
P 14.4259895391 3.30177141098 21 21 41 0
P 19.4667873213 20.0561682576 22 22 35 0
P 3.76039427948 3.26130658173 23 23 35 0
